function A = exMatrixA ()

  A = [ 2.0000 0 2.0000 0.6000 ; 3.0000 3.0000 4.0000 -2.0000 ; 5.0000 5.0000 4.0000 2.0000 ; -1.0000 -2.0000 3.4000 -1.0000 ]; 

end
