f = 1.25^2-1
exp(1.25^2-1)
LagrangeV2(0.5625, @exp, 5, [1 1.1 1.2 1.3 1.4])